0.313,0.938|0.313,0.938|0.313,0.938|0.313,0.938|0.313,0.938|0.313,0.938|0.313,0.938|0.313,0.938|0.313,0.938|0.313,0.938|0.313,0.938|0.313,0.938|0.313,0.938|0.313,0.938|0.313,0.938|0.313,0.938|0.313,0.938|0.313,0.938|0.313,0.938|0.313,0.938|0.313,0.938|0.313,0.938|0.313,0.938|0.313,0.938|0.313,0.938|0.313,0.938|0.313,0.938|0.313,0.938|0.313,0.938|0.313,0.938|0.313,0.938|0.313,0.938|
0.313,0.938|0.313,0.938|0.313,0.938|0.313,0.938|0.313,0.938|0.313,0.938|0.313,0.938|0.438,0.938|0.313,0.938|0.313,0.938|0.313,0.938|0.313,0.938|0.313,0.938|0.313,0.938|0.313,0.938|0.313,0.938|0.313,0.938|0.313,0.938|0.313,0.938|0.313,0.938|0.313,0.938|0.313,0.938|0.313,0.938|0.313,0.938|0.313,0.938|0.313,0.938|0.313,0.938|0.313,0.938|0.313,0.938|0.313,0.938|0.313,0.938|0.313,0.938|
0.313,0.938|0.313,0.938|0.313,0.938|0.313,0.938|0.313,0.938|0.313,0.938|0.313,0.938|0.438,0.938|0.438,0.938|0.313,0.938|0.313,0.938|0.313,0.938|0.438,0.938|0.313,0.938|0.313,0.938|0.313,0.938|0.313,0.938|0.313,0.938|0.313,0.938|0.313,0.938|0.313,0.938|0.313,0.938|0.313,0.938|0.313,0.938|0.313,0.938|0.313,0.938|0.313,0.938|0.313,0.938|0.313,0.938|0.313,0.938|0.313,0.938|0.313,0.938|
0.313,0.938|0.313,0.938|0.313,0.938|0.313,0.938|0.313,0.938|0.313,0.938|0.313,0.938|0.313,0.938|0.438,0.938|0.313,0.938|0.313,0.938|0.313,0.938|0.438,0.938|0.438,0.938|0.313,0.938|0.313,0.938|0.313,0.938|0.313,0.938|0.313,0.938|0.313,0.938|0.313,0.938|0.313,0.938|0.313,0.938|0.313,0.938|0.313,0.938|0.313,0.938|0.313,0.938|0.313,0.938|0.313,0.938|0.313,0.938|0.313,0.938|0.313,0.938|
0.313,0.938|0.313,0.938|0.313,0.938|0.313,0.938|0.313,0.938|0.313,0.938|0.313,0.938|0.313,0.938|0.313,0.938|0.438,0.938|0.313,0.938|0.313,0.938|0.438,0.938|0.313,0.938|0.313,0.938|0.438,0.938|0.438,0.938|0.313,0.938|0.313,0.938|0.313,0.938|0.313,0.938|0.438,0.938|0.313,0.938|0.313,0.938|0.313,0.938|0.313,0.938|0.313,0.938|0.313,0.938|0.313,0.938|0.313,0.938|0.313,0.938|0.313,0.938|
0.313,0.938|0.313,0.938|0.313,0.938|0.313,0.938|0.313,0.938|0.313,0.938|0.313,0.938|0.313,0.938|0.313,0.938|0.313,0.938|0.438,0.938|0.438,0.938|0.438,0.938|0.438,0.938|0.313,0.938|0.438,0.938|0.438,0.938|0.313,0.938|0.313,0.938|0.313,0.938|0.438,0.938|0.438,0.938|0.313,0.938|0.313,0.938|0.313,0.938|0.438,0.938|0.313,0.938|0.438,0.938|0.313,0.938|0.313,0.938|0.313,0.938|0.313,0.938|
0.313,0.938|0.313,0.938|0.313,0.938|0.313,0.938|0.313,0.938|0.313,0.938|0.313,0.938|0.313,0.938|0.313,0.938|0.313,0.938|0.313,0.938|0.438,0.938|0.438,0.938|0.313,0.938|0.313,0.938|0.438,0.938|0.313,0.938|0.438,0.938|0.313,0.938|0.313,0.938|0.438,0.938|0.313,0.938|0.438,0.938|0.313,0.938|0.438,0.938|0.438,0.938|0.313,0.938|0.438,0.938|0.438,0.938|0.313,0.938|0.313,0.938|0.313,0.938|
0.313,0.938|0.313,0.938|0.313,0.938|0.313,0.938|0.313,0.938|0.313,0.938|0.313,0.938|0.313,0.938|0.313,0.938|0.313,0.938|0.313,0.938|0.313,0.938|0.313,0.938|0.313,0.938|0.438,0.938|0.438,0.938|0.313,0.938|0.438,0.938|0.438,0.938|0.438,0.938|0.438,0.938|0.313,0.938|0.313,0.938|0.438,0.938|0.438,0.938|0.313,0.938|0.438,0.938|0.438,0.938|0.438,0.938|0.313,0.938|0.313,0.938|0.313,0.938|
0.313,0.938|0.313,0.938|0.313,0.938|0.313,0.938|0.313,0.938|0.313,0.938|0.313,0.938|0.313,0.938|0.313,0.938|0.313,0.938|0.313,0.938|0.313,0.938|0.313,0.938|0.313,0.938|0.313,0.938|0.313,0.938|0.313,0.938|0.313,0.938|0.313,0.938|0.313,0.938|0.313,0.938|0.313,0.938|0.313,0.938|0.313,0.938|0.313,0.938|0.313,0.938|0.438,0.938|0.313,0.938|0.438,0.938|0.313,0.938|0.313,0.938|0.313,0.938|
0.313,0.938|0.313,0.938|0.313,0.938|0.313,0.938|0.313,0.938|0.313,0.938|0.313,0.938|0.313,0.938|0.313,0.938|0.313,0.938|0.313,0.938|0.313,0.938|0.313,0.938|0.313,0.938|0.313,0.938|0.313,0.938|0.313,0.938|0.313,0.938|0.313,0.938|0.313,0.938|0.313,0.938|0.313,0.938|0.313,0.938|0.313,0.938|0.313,0.938|0.313,0.938|0.313,0.938|0.313,0.938|0.313,0.938|0.313,0.938|0.313,0.938|0.313,0.938|
0.375,0.938|0.313,0.938|0.438,0.938|0.313,0.938|0.313,0.938|0.313,0.938|0.313,0.938|0.313,0.938|0.313,0.938|0.313,0.938|0.313,0.938|0.313,0.938|0.313,0.938|0.313,0.938|0.313,0.938|0.313,0.938|0.313,0.938|0.313,0.938|0.313,0.938|0.313,0.938|0.313,0.938|0.313,0.938|0.313,0.938|0.313,0.938|0.313,0.938|0.313,0.938|0.313,0.938|0.313,0.938|0.313,0.938|0.313,0.938|0.313,0.938|0.313,0.938|
0.313,0.938|0.313,0.938|0.313,0.938|0.313,0.938|0.313,0.938|0.313,0.938|0.313,0.938|0.313,0.938|0.313,0.938|0.313,0.938|0.313,0.938|0.313,0.938|0.313,0.938|0.313,0.938|0.313,0.938|0.313,0.938|0.313,0.938|0.313,0.938|0.313,0.938|0.313,0.938|0.313,0.938|0.313,0.938|0.313,0.938|0.313,0.938|0.313,0.938|0.313,0.938|0.313,0.938|0.313,0.938|0.313,0.938|0.313,0.938|0.313,0.938|0.313,0.938|
0.313,0.938|0.438,0.938|0.313,0.938|0.313,0.938|0.313,0.938|0.313,0.938|0.313,0.938|0.313,0.938|0.313,0.938|0.313,0.938|0.313,0.938|0.313,0.938|0.313,0.938|0.313,0.938|0.313,0.938|0.313,0.938|0.313,0.938|0.313,0.938|0.313,0.938|0.313,0.938|0.313,0.938|0.313,0.938|0.313,0.938|0.313,0.938|0.313,0.938|0.313,0.938|0.313,0.938|0.313,0.938|0.313,0.938|0.313,0.938|0.313,0.938|0.313,0.938|
0.313,0.938|0.313,0.938|0.313,0.938|0.313,0.938|0.313,0.938|0.313,0.938|0.313,0.938|0.313,0.938|0.313,0.938|0.313,0.938|0.313,0.938|0.313,0.938|0.313,0.938|0.313,0.938|0.313,0.938|0.313,0.938|0.313,0.938|0.313,0.938|0.313,0.938|0.313,0.938|0.313,0.938|0.313,0.938|0.313,0.938|0.313,0.938|0.313,0.938|0.313,0.938|0.313,0.938|0.313,0.938|0.313,0.938|0.313,0.938|0.313,0.938|0.313,0.938|
0.313,0.938|0.313,0.938|0.063,0.875|0.313,0.938|0.313,0.938|0.313,0.938|0.313,0.938|0.313,0.938|0.313,0.938|0.313,0.938|0.313,0.938|0.313,0.938|0.313,0.938|0.313,0.938|0.313,0.938|0.313,0.938|0.313,0.938|0.313,0.938|0.313,0.938|0.313,0.938|0.313,0.938|0.313,0.938|0.313,0.938|0.313,0.938|0.313,0.938|0.313,0.938|0.313,0.938|0.313,0.938|0.313,0.938|0.313,0.938|0.313,0.938|0.313,0.938|
0.313,0.938|0.313,0.938|0.313,0.938|0.313,0.938|0.313,0.938|0.313,0.938|0.313,0.938|0.313,0.938|0.313,0.938|0.313,0.938|0.313,0.938|0.313,0.938|0.313,0.938|0.313,0.938|0.313,0.938|0.313,0.938|0.313,0.938|0.313,0.938|0.313,0.938|0.313,0.938|0.313,0.938|0.313,0.938|0.313,0.938|0.313,0.938|0.313,0.938|0.313,0.938|0.313,0.938|0.313,0.938|0.313,0.938|0.313,0.938|0.313,0.938|0.313,0.938|
0.313,0.938|0.313,0.938|0.313,0.938|0.313,0.938|0.313,0.938|0.313,0.938|0.313,0.938|0.313,0.938|0.313,0.938|0.313,0.938|0.313,0.938|0.313,0.938|0.313,0.938|0.313,0.938|0.313,0.938|0.313,0.938|0.313,0.938|0.313,0.938|0.313,0.938|0.313,0.938|0.313,0.938|0.313,0.938|0.313,0.938|0.313,0.938|0.313,0.938|0.313,0.938|0.313,0.938|0.313,0.938|0.313,0.938|0.313,0.938|0.313,0.938|0.313,0.938|
0.313,0.938|0.313,0.938|0.313,0.938|0.313,0.938|0.313,0.938|0.313,0.938|0.313,0.938|0.313,0.938|0.313,0.938|0.313,0.938|0.313,0.938|0.313,0.938|0.313,0.938|0.313,0.938|0.313,0.938|0.313,0.938|0.313,0.938|0.313,0.938|0.313,0.938|0.313,0.938|0.313,0.938|0.313,0.938|0.313,0.938|0.313,0.938|0.313,0.938|0.313,0.938|0.313,0.938|0.313,0.938|0.313,0.938|0.313,0.938|0.313,0.938|0.313,0.938|
0.313,0.938|0.313,0.938|0.313,0.938|0.313,0.938|0.313,0.938|0.313,0.938|0.313,0.938|0.313,0.938|0.313,0.938|0.313,0.938|0.313,0.938|0.313,0.938|0.313,0.938|0.313,0.938|0.313,0.938|0.313,0.938|0.313,0.938|0.313,0.938|0.313,0.938|0.313,0.938|0.313,0.938|0.313,0.938|0.313,0.938|0.313,0.938|0.313,0.938|0.313,0.938|0.313,0.938|0.313,0.938|0.313,0.938|0.313,0.938|0.313,0.938|0.313,0.938|
0.313,0.938|0.313,0.938|0.313,0.938|0.313,0.938|0.313,0.938|0.313,0.938|0.313,0.938|0.313,0.938|0.313,0.938|0.313,0.938|0.313,0.938|0.313,0.938|0.313,0.938|0.313,0.938|0.313,0.938|0.313,0.938|0.313,0.938|0.313,0.938|0.313,0.938|0.313,0.938|0.313,0.938|0.313,0.938|0.313,0.938|0.313,0.938|0.313,0.938|0.313,0.938|0.313,0.938|0.313,0.938|0.313,0.938|0.313,0.938|0.313,0.938|0.313,0.938|
0.313,0.938|0.313,0.938|0.313,0.938|0.313,0.938|0.313,0.938|0.313,0.938|0.313,0.938|0.313,0.938|0.313,0.938|0.313,0.938|0.313,0.938|0.313,0.938|0.313,0.938|0.313,0.938|0.313,0.938|0.438,0.938|0.313,0.938|0.313,0.938|0.313,0.938|0.313,0.938|0.313,0.938|0.313,0.938|0.313,0.938|0.313,0.938|0.313,0.938|0.313,0.938|0.438,0.938|0.438,0.938|0.313,0.938|0.313,0.938|0.313,0.938|0.313,0.938|
0.313,0.938|0.313,0.938|0.313,0.938|0.313,0.938|0.438,0.938|0.438,0.938|0.438,0.938|0.438,0.938|0.438,0.938|0.438,0.938|0.313,0.938|0.313,0.938|0.313,0.938|0.313,0.938|0.313,0.938|0.438,0.938|0.313,0.938|0.438,0.938|0.313,0.938|0.313,0.938|0.438,0.938|0.313,0.938|0.438,0.938|0.438,0.938|0.438,0.938|0.438,0.938|0.438,0.938|0.438,0.938|0.438,0.938|0.313,0.938|0.313,0.938|0.313,0.938|
0.313,0.938|0.313,0.938|0.313,0.938|0.438,0.938|0.438,0.938|0.313,0.938|0.313,0.938|0.313,0.938|0.313,0.938|0.438,0.938|0.313,0.938|0.313,0.938|0.313,0.938|0.313,0.938|0.438,0.938|0.313,0.938|0.313,0.938|0.438,0.938|0.313,0.938|0.313,0.938|0.438,0.938|0.313,0.938|0.438,0.938|0.313,0.938|0.313,0.938|0.313,0.938|0.313,0.938|0.313,0.938|0.313,0.938|0.313,0.938|0.313,0.938|0.313,0.938|
0.313,0.938|0.313,0.938|0.313,0.938|0.438,0.938|0.313,0.938|0.313,0.938|0.313,0.938|0.313,0.938|0.313,0.938|0.438,0.938|0.313,0.938|0.313,0.938|0.313,0.938|0.313,0.938|0.438,0.938|0.313,0.938|0.313,0.938|0.438,0.938|0.313,0.938|0.313,0.938|0.438,0.938|0.313,0.938|0.313,0.938|0.438,0.938|0.438,0.938|0.438,0.938|0.438,0.938|0.438,0.938|0.313,0.938|0.313,0.938|0.313,0.938|0.313,0.938|
0.313,0.938|0.313,0.938|0.313,0.938|0.438,0.938|0.313,0.938|0.313,0.938|0.313,0.938|0.313,0.938|0.313,0.938|0.313,0.938|0.438,0.938|0.313,0.938|0.313,0.938|0.438,0.938|0.313,0.938|0.313,0.938|0.313,0.938|0.438,0.938|0.313,0.938|0.313,0.938|0.438,0.938|0.313,0.938|0.313,0.938|0.438,0.938|0.313,0.938|0.313,0.938|0.313,0.938|0.438,0.938|0.438,0.938|0.313,0.938|0.313,0.938|0.313,0.938|
0.313,0.938|0.438,0.938|0.313,0.938|0.438,0.938|0.438,0.938|0.313,0.938|0.313,0.938|0.313,0.938|0.313,0.938|0.313,0.938|0.313,0.938|0.438,0.938|0.313,0.938|0.438,0.938|0.313,0.938|0.313,0.938|0.313,0.938|0.438,0.938|0.313,0.938|0.313,0.938|0.438,0.938|0.313,0.938|0.313,0.938|0.313,0.938|0.438,0.938|0.438,0.938|0.438,0.938|0.438,0.938|0.438,0.938|0.313,0.938|0.313,0.938|0.313,0.938|
0.313,0.938|0.313,0.938|0.313,0.938|0.313,0.938|0.438,0.938|0.438,0.938|0.313,0.938|0.313,0.938|0.313,0.938|0.313,0.938|0.313,0.938|0.438,0.938|0.438,0.938|0.438,0.938|0.313,0.938|0.313,0.938|0.313,0.938|0.313,0.938|0.313,0.938|0.313,0.938|0.438,0.938|0.313,0.938|0.313,0.938|0.313,0.938|0.313,0.938|0.313,0.938|0.313,0.938|0.313,0.938|0.313,0.938|0.313,0.938|0.313,0.938|0.313,0.938|
0.313,0.938|0.313,0.938|0.313,0.938|0.313,0.938|0.313,0.938|0.438,0.938|0.438,0.938|0.438,0.938|0.438,0.938|0.313,0.938|0.313,0.938|0.313,0.938|0.313,0.938|0.313,0.938|0.313,0.938|0.313,0.938|0.313,0.938|0.313,0.938|0.313,0.938|0.313,0.938|0.313,0.938|0.313,0.938|0.313,0.938|0.313,0.938|0.313,0.938|0.313,0.938|0.313,0.938|0.313,0.938|0.313,0.938|0.313,0.938|0.313,0.938|0.313,0.938|
0.313,0.938|0.313,0.938|0.313,0.938|0.313,0.938|0.313,0.938|0.313,0.938|0.313,0.938|0.313,0.938|0.313,0.938|0.313,0.938|0.313,0.938|0.313,0.938|0.313,0.938|0.313,0.938|0.313,0.938|0.313,0.938|0.313,0.938|0.313,0.938|0.313,0.938|0.313,0.938|0.313,0.938|0.313,0.938|0.313,0.938|0.313,0.938|0.313,0.938|0.313,0.938|0.313,0.938|0.313,0.938|0.313,0.938|0.313,0.938|0.313,0.938|0.313,0.938|
0.313,0.938|0.313,0.938|0.313,0.938|0.313,0.938|0.313,0.938|0.313,0.938|0.313,0.938|0.313,0.938|0.313,0.938|0.313,0.938|0.313,0.938|0.313,0.938|0.313,0.938|0.313,0.938|0.313,0.938|0.313,0.938|0.313,0.938|0.313,0.938|0.313,0.938|0.313,0.938|0.313,0.938|0.313,0.938|0.313,0.938|0.313,0.938|0.313,0.938|0.313,0.938|0.313,0.938|0.313,0.938|0.313,0.938|0.313,0.938|0.313,0.938|0.313,0.938|
0.313,0.938|0.313,0.938|0.313,0.938|0.313,0.938|0.313,0.938|0.313,0.938|0.313,0.938|0.313,0.938|0.313,0.938|0.313,0.938|0.313,0.938|0.313,0.938|0.313,0.938|0.313,0.938|0.313,0.938|0.313,0.938|0.313,0.938|0.313,0.938|0.313,0.938|0.313,0.938|0.313,0.938|0.313,0.938|0.313,0.938|0.313,0.938|0.313,0.938|0.313,0.938|0.313,0.938|0.313,0.938|0.313,0.938|0.313,0.938|0.313,0.938|0.313,0.938|
0.313,0.938|0.313,0.938|0.313,0.938|0.313,0.938|0.313,0.938|0.313,0.938|0.313,0.938|0.313,0.938|0.313,0.938|0.313,0.938|0.313,0.938|0.313,0.938|0.313,0.938|0.313,0.938|0.313,0.938|0.313,0.938|0.313,0.938|0.313,0.938|0.313,0.938|0.313,0.938|0.313,0.938|0.313,0.938|0.313,0.938|0.313,0.938|0.313,0.938|0.313,0.938|0.313,0.938|0.313,0.938|0.313,0.938|0.313,0.938|0.313,0.938|0.313,0.938|
0.313,0.938|0.313,0.938|0.313,0.938|0.313,0.938|0.313,0.938|0.313,0.938|0.313,0.938|0.313,0.938|0.313,0.938|0.313,0.938|0.313,0.938|0.313,0.938|0.313,0.938|0.313,0.938|0.313,0.938|0.313,0.938|0.313,0.938|0.313,0.938|0.313,0.938|0.313,0.938|0.313,0.938|0.313,0.938|0.313,0.938|0.313,0.938|0.313,0.938|0.313,0.938|0.313,0.938|0.313,0.938|0.313,0.938|0.313,0.938|0.313,0.938|0.313,0.938|
