0.313,0.938|0.313,0.938|0.313,0.938|0.313,0.938|0.313,0.938|0.313,0.938|0.313,0.938|0.313,0.938|0.313,0.938|0.313,0.938|0.313,0.938|0.313,0.938|0.313,0.938|0.313,0.938|0.313,0.938|0.313,0.938|0.313,0.938|0.313,0.938|0.313,0.938|0.313,0.938|0.313,0.938|0.313,0.938|0.313,0.938|0.313,0.938|0.313,0.938|0.313,0.938|0.313,0.938|0.313,0.938|0.313,0.938|0.313,0.938|0.313,0.938|0.313,0.938|
0.313,0.938|0.313,0.938|0.313,0.938|0.313,0.938|0.313,0.938|0.313,0.938|0.313,0.938|0.313,0.938|0.313,0.938|0.313,0.938|0.313,0.938|0.313,0.938|0.313,0.938|0.313,0.938|0.313,0.938|0.313,0.938|0.313,0.938|0.313,0.938|0.313,0.938|0.313,0.938|0.313,0.938|0.313,0.938|0.313,0.938|0.313,0.938|0.313,0.938|0.313,0.938|0.313,0.938|0.313,0.938|0.313,0.938|0.313,0.938|0.313,0.938|0.313,0.938|
0.313,0.938|0.313,0.938|0.313,0.938|0.313,0.938|0.313,0.938|0.313,0.938|0.313,0.938|0.313,0.938|0.313,0.938|0.313,0.938|0.313,0.938|0.313,0.938|0.313,0.938|0.313,0.938|0.313,0.938|0.313,0.938|0.313,0.938|0.313,0.938|0.313,0.938|0.313,0.938|0.313,0.938|0.313,0.938|0.313,0.938|0.313,0.938|0.313,0.938|0.313,0.938|0.313,0.938|0.313,0.938|0.313,0.938|0.313,0.938|0.313,0.938|0.313,0.938|
0.313,0.938|0.313,0.938|0.313,0.938|0.313,0.938|0.313,0.938|0.313,0.938|0.313,0.938|0.313,0.938|0.313,0.938|0.313,0.938|0.313,0.938|0.313,0.938|0.313,0.938|0.313,0.938|0.313,0.938|0.313,0.938|0.313,0.938|0.313,0.938|0.313,0.938|0.313,0.938|0.313,0.938|0.313,0.938|0.313,0.938|0.313,0.938|0.313,0.938|0.313,0.938|0.313,0.938|0.313,0.938|0.313,0.938|0.313,0.938|0.313,0.938|0.313,0.938|
0.313,0.938|0.313,0.938|0.313,0.938|0.313,0.938|0.313,0.938|0.313,0.938|0.313,0.938|0.313,0.938|0.313,0.938|0.313,0.938|0.313,0.938|0.313,0.938|0.313,0.938|0.313,0.938|0.313,0.938|0.313,0.938|0.313,0.938|0.313,0.938|0.313,0.938|0.313,0.938|0.313,0.938|0.313,0.938|0.313,0.938|0.313,0.938|0.313,0.938|0.313,0.938|0.313,0.938|0.313,0.938|0.313,0.938|0.313,0.938|0.313,0.938|0.313,0.938|
0.313,0.938|0.313,0.938|0.313,0.938|0.313,0.938|0.313,0.938|0.313,0.938|0.313,0.938|0.313,0.938|0.313,0.938|0.313,0.938|0.313,0.938|0.313,0.938|0.313,0.938|0.313,0.938|0.313,0.938|0.313,0.938|0.313,0.938|0.313,0.938|0.313,0.938|0.313,0.938|0.313,0.938|0.313,0.938|0.313,0.938|0.313,0.938|0.313,0.938|0.313,0.938|0.313,0.938|0.313,0.938|0.313,0.938|0.313,0.938|0.313,0.938|0.313,0.938|
0.313,0.938|0.313,0.938|0.313,0.938|0.313,0.938|0.313,0.938|0.313,0.938|0.313,0.938|0.313,0.938|0.313,0.938|0.313,0.938|0.313,0.938|0.313,0.938|0.313,0.938|0.313,0.938|0.313,0.938|0.313,0.938|0.313,0.938|0.313,0.938|0.313,0.938|0.313,0.938|0.313,0.938|0.313,0.938|0.313,0.938|0.313,0.938|0.313,0.938|0.313,0.938|0.313,0.938|0.313,0.938|0.313,0.938|0.313,0.938|0.313,0.938|0.313,0.938|
0.313,0.938|0.313,0.938|0.313,0.938|0.313,0.938|0.313,0.938|0.313,0.938|0.313,0.938|0.313,0.938|0.313,0.938|0.313,0.938|0.313,0.938|0.313,0.938|0.313,0.938|0.313,0.938|0.313,0.938|0.313,0.938|0.313,0.938|0.313,0.938|0.313,0.938|0.313,0.938|0.313,0.938|0.313,0.938|0.313,0.938|0.313,0.938|0.313,0.938|0.313,0.938|0.313,0.938|0.313,0.938|0.313,0.938|0.313,0.938|0.313,0.938|0.313,0.938|
0.313,0.938|0.313,0.938|0.313,0.938|0.313,0.938|0.313,0.938|0.313,0.938|0.313,0.938|0.313,0.938|0.313,0.938|0.313,0.938|0.313,0.938|0.313,0.938|0.313,0.938|0.313,0.938|0.313,0.938|0.313,0.938|0.313,0.938|0.313,0.938|0.313,0.938|0.313,0.938|0.313,0.938|0.313,0.938|0.313,0.938|0.313,0.938|0.313,0.938|0.313,0.938|0.313,0.938|0.313,0.938|0.313,0.938|0.313,0.938|0.313,0.938|0.313,0.938|
0.313,0.938|0.313,0.938|0.313,0.938|0.313,0.938|0.313,0.938|0.313,0.938|0.313,0.938|0.313,0.938|0.313,0.938|0.313,0.938|0.313,0.938|0.313,0.938|0.313,0.938|0.313,0.938|0.313,0.938|0.313,0.938|0.313,0.938|0.313,0.938|0.313,0.938|0.313,0.938|0.313,0.938|0.313,0.938|0.313,0.938|0.313,0.938|0.313,0.938|0.313,0.938|0.313,0.938|0.313,0.938|0.313,0.938|0.313,0.938|0.313,0.938|0.313,0.938|
0.375,0.938|0.313,0.938|0.313,0.938|0.313,0.938|0.313,0.938|0.313,0.938|0.313,0.938|0.313,0.938|0.313,0.938|0.313,0.938|0.313,0.938|0.313,0.938|0.313,0.938|0.313,0.938|0.313,0.938|0.313,0.938|0.313,0.938|0.313,0.938|0.313,0.938|0.313,0.938|0.313,0.938|0.313,0.938|0.313,0.938|0.313,0.938|0.313,0.938|0.313,0.938|0.313,0.938|0.313,0.938|0.313,0.938|0.313,0.938|0.313,0.938|0.313,0.938|
0.313,0.938|0.313,0.938|0.313,0.938|0.313,0.938|0.313,0.938|0.313,0.938|0.313,0.938|0.313,0.938|0.313,0.938|0.313,0.938|0.313,0.938|0.313,0.938|0.313,0.938|0.313,0.938|0.313,0.938|0.313,0.938|0.313,0.938|0.313,0.938|0.313,0.938|0.313,0.938|0.313,0.938|0.313,0.938|0.313,0.938|0.313,0.938|0.313,0.938|0.313,0.938|0.313,0.938|0.313,0.938|0.313,0.938|0.313,0.938|0.313,0.938|0.313,0.938|
0.313,0.938|0.313,0.938|0.313,0.938|0.313,0.938|0.313,0.938|0.313,0.938|0.313,0.938|0.313,0.938|0.313,0.938|0.313,0.938|0.313,0.938|0.313,0.938|0.313,0.938|0.313,0.938|0.313,0.938|0.313,0.938|0.313,0.938|0.313,0.938|0.313,0.938|0.313,0.938|0.313,0.938|0.313,0.938|0.313,0.938|0.313,0.938|0.313,0.938|0.313,0.938|0.313,0.938|0.313,0.938|0.313,0.938|0.313,0.938|0.313,0.938|0.313,0.938|
0.313,0.938|0.313,0.938|0.313,0.938|0.313,0.938|0.313,0.938|0.313,0.938|0.313,0.938|0.313,0.938|0.313,0.938|0.313,0.938|0.313,0.938|0.313,0.938|0.313,0.938|0.313,0.938|0.313,0.938|0.313,0.938|0.313,0.938|0.313,0.938|0.313,0.938|0.313,0.938|0.313,0.938|0.313,0.938|0.313,0.938|0.313,0.938|0.313,0.938|0.313,0.938|0.313,0.938|0.313,0.938|0.313,0.938|0.313,0.938|0.313,0.938|0.313,0.938|
0.313,0.938|0.313,0.938|0.313,0.938|0.313,0.938|0.313,0.938|0.313,0.938|0.313,0.938|0.313,0.938|0.313,0.938|0.313,0.938|0.313,0.938|0.313,0.938|0.313,0.938|0.313,0.938|0.313,0.938|0.313,0.938|0.313,0.938|0.313,0.938|0.313,0.938|0.313,0.938|0.313,0.938|0.313,0.938|0.313,0.938|0.313,0.938|0.313,0.938|0.313,0.938|0.313,0.938|0.313,0.938|0.313,0.938|0.313,0.938|0.313,0.938|0.313,0.938|
0.313,0.938|0.313,0.938|0.313,0.938|0.313,0.938|0.313,0.938|0.313,0.938|0.313,0.938|0.313,0.938|0.313,0.938|0.313,0.938|0.313,0.938|0.313,0.938|0.313,0.938|0.313,0.938|0.313,0.938|0.313,0.938|0.313,0.938|0.313,0.938|0.313,0.938|0.313,0.938|0.313,0.938|0.313,0.938|0.313,0.938|0.313,0.938|0.313,0.938|0.313,0.938|0.313,0.938|0.313,0.938|0.313,0.938|0.313,0.938|0.313,0.938|0.313,0.938|
0.313,0.938|0.313,0.938|0.313,0.938|0.313,0.938|0.313,0.938|0.313,0.938|0.313,0.938|0.313,0.938|0.313,0.938|0.313,0.938|0.313,0.938|0.313,0.938|0.313,0.938|0.313,0.938|0.313,0.938|0.313,0.938|0.313,0.938|0.313,0.938|0.313,0.938|0.313,0.938|0.313,0.938|0.313,0.938|0.313,0.938|0.313,0.938|0.313,0.938|0.313,0.938|0.313,0.938|0.313,0.938|0.313,0.938|0.313,0.938|0.313,0.938|0.313,0.938|
0.313,0.938|0.313,0.938|0.313,0.938|0.313,0.938|0.313,0.938|0.313,0.938|0.313,0.938|0.313,0.938|0.313,0.938|0.313,0.938|0.313,0.938|0.313,0.938|0.313,0.938|0.313,0.938|0.313,0.938|0.313,0.938|0.313,0.938|0.313,0.938|0.313,0.938|0.313,0.938|0.313,0.938|0.313,0.938|0.313,0.938|0.313,0.938|0.313,0.938|0.313,0.938|0.313,0.938|0.313,0.938|0.313,0.938|0.313,0.938|0.313,0.938|0.313,0.938|
0.313,0.938|0.313,0.938|0.313,0.938|0.313,0.938|0.313,0.938|0.313,0.938|0.313,0.938|0.313,0.938|0.313,0.938|0.313,0.938|0.313,0.938|0.313,0.938|0.313,0.938|0.313,0.938|0.313,0.938|0.313,0.938|0.313,0.938|0.313,0.938|0.313,0.938|0.313,0.938|0.313,0.938|0.313,0.938|0.313,0.938|0.313,0.938|0.313,0.938|0.313,0.938|0.313,0.938|0.313,0.938|0.313,0.938|0.313,0.938|0.313,0.938|0.313,0.938|
0.313,0.938|0.313,0.938|0.313,0.938|0.313,0.938|0.313,0.938|0.313,0.938|0.313,0.938|0.313,0.938|0.313,0.938|0.313,0.938|0.313,0.938|0.313,0.938|0.313,0.938|0.313,0.938|0.313,0.938|0.313,0.938|0.313,0.938|0.313,0.938|0.313,0.938|0.313,0.938|0.313,0.938|0.313,0.938|0.313,0.938|0.313,0.938|0.313,0.938|0.313,0.938|0.313,0.938|0.313,0.938|0.313,0.938|0.313,0.938|0.313,0.938|0.313,0.938|
0.313,0.938|0.313,0.938|0.313,0.938|0.313,0.938|0.313,0.938|0.313,0.938|0.313,0.938|0.313,0.938|0.313,0.938|0.313,0.938|0.313,0.938|0.313,0.938|0.313,0.938|0.313,0.938|0.313,0.938|0.313,0.938|0.313,0.938|0.313,0.938|0.313,0.938|0.313,0.938|0.313,0.938|0.313,0.938|0.313,0.938|0.313,0.938|0.313,0.938|0.313,0.938|0.313,0.938|0.313,0.938|0.313,0.938|0.313,0.938|0.313,0.938|0.313,0.938|
0.313,0.938|0.313,0.938|0.313,0.938|0.313,0.938|0.313,0.938|0.313,0.938|0.313,0.938|0.313,0.938|0.313,0.938|0.313,0.938|0.313,0.938|0.313,0.938|0.313,0.938|0.313,0.938|0.313,0.938|0.313,0.938|0.313,0.938|0.313,0.938|0.313,0.938|0.313,0.938|0.313,0.938|0.313,0.938|0.313,0.938|0.313,0.938|0.313,0.938|0.313,0.938|0.313,0.938|0.313,0.938|0.313,0.938|0.313,0.938|0.313,0.938|0.313,0.938|
0.313,0.938|0.313,0.938|0.313,0.938|0.313,0.938|0.313,0.938|0.313,0.938|0.313,0.938|0.313,0.938|0.313,0.938|0.313,0.938|0.313,0.938|0.313,0.938|0.313,0.938|0.313,0.938|0.313,0.938|0.313,0.938|0.313,0.938|0.313,0.938|0.313,0.938|0.313,0.938|0.313,0.938|0.313,0.938|0.313,0.938|0.313,0.938|0.313,0.938|0.313,0.938|0.313,0.938|0.313,0.938|0.313,0.938|0.313,0.938|0.313,0.938|0.313,0.938|
0.313,0.938|0.313,0.938|0.313,0.938|0.313,0.938|0.313,0.938|0.313,0.938|0.313,0.938|0.313,0.938|0.313,0.938|0.313,0.938|0.313,0.938|0.313,0.938|0.313,0.938|0.313,0.938|0.313,0.938|0.313,0.938|0.313,0.938|0.313,0.938|0.313,0.938|0.313,0.938|0.313,0.938|0.313,0.938|0.313,0.938|0.313,0.938|0.313,0.938|0.313,0.938|0.313,0.938|0.313,0.938|0.313,0.938|0.313,0.938|0.313,0.938|0.313,0.938|
0.313,0.938|0.313,0.938|0.313,0.938|0.313,0.938|0.313,0.938|0.313,0.938|0.313,0.938|0.313,0.938|0.313,0.938|0.313,0.938|0.313,0.938|0.313,0.938|0.313,0.938|0.313,0.938|0.313,0.938|0.313,0.938|0.313,0.938|0.313,0.938|0.313,0.938|0.313,0.938|0.313,0.938|0.313,0.938|0.313,0.938|0.313,0.938|0.313,0.938|0.313,0.938|0.313,0.938|0.313,0.938|0.313,0.938|0.313,0.938|0.313,0.938|0.313,0.938|
0.313,0.938|0.313,0.938|0.313,0.938|0.313,0.938|0.313,0.938|0.313,0.938|0.313,0.938|0.313,0.938|0.313,0.938|0.313,0.938|0.313,0.938|0.313,0.938|0.313,0.938|0.313,0.938|0.313,0.938|0.313,0.938|0.313,0.938|0.313,0.938|0.313,0.938|0.313,0.938|0.313,0.938|0.313,0.938|0.313,0.938|0.313,0.938|0.313,0.938|0.313,0.938|0.313,0.938|0.313,0.938|0.313,0.938|0.313,0.938|0.313,0.938|0.313,0.938|
0.313,0.938|0.313,0.938|0.313,0.938|0.313,0.938|0.313,0.938|0.313,0.938|0.313,0.938|0.313,0.938|0.313,0.938|0.313,0.938|0.313,0.938|0.313,0.938|0.313,0.938|0.313,0.938|0.313,0.938|0.313,0.938|0.313,0.938|0.313,0.938|0.313,0.938|0.313,0.938|0.313,0.938|0.313,0.938|0.313,0.938|0.313,0.938|0.313,0.938|0.313,0.938|0.313,0.938|0.313,0.938|0.313,0.938|0.313,0.938|0.313,0.938|0.313,0.938|
0.313,0.938|0.313,0.938|0.313,0.938|0.313,0.938|0.313,0.938|0.313,0.938|0.313,0.938|0.313,0.938|0.313,0.938|0.313,0.938|0.313,0.938|0.313,0.938|0.313,0.938|0.313,0.938|0.313,0.938|0.313,0.938|0.313,0.938|0.313,0.938|0.313,0.938|0.313,0.938|0.313,0.938|0.313,0.938|0.313,0.938|0.313,0.938|0.313,0.938|0.313,0.938|0.313,0.938|0.313,0.938|0.313,0.938|0.313,0.938|0.313,0.938|0.313,0.938|
0.313,0.938|0.313,0.938|0.313,0.938|0.313,0.938|0.313,0.938|0.313,0.938|0.313,0.938|0.313,0.938|0.313,0.938|0.313,0.938|0.313,0.938|0.313,0.938|0.313,0.938|0.313,0.938|0.313,0.938|0.313,0.938|0.313,0.938|0.313,0.938|0.313,0.938|0.313,0.938|0.313,0.938|0.313,0.938|0.313,0.938|0.313,0.938|0.313,0.938|0.313,0.938|0.313,0.938|0.313,0.938|0.313,0.938|0.313,0.938|0.313,0.938|0.313,0.938|
0.313,0.938|0.313,0.938|0.313,0.938|0.313,0.938|0.313,0.938|0.313,0.938|0.313,0.938|0.313,0.938|0.313,0.938|0.313,0.938|0.313,0.938|0.313,0.938|0.313,0.938|0.313,0.938|0.313,0.938|0.313,0.938|0.313,0.938|0.313,0.938|0.313,0.938|0.313,0.938|0.313,0.938|0.313,0.938|0.313,0.938|0.313,0.938|0.313,0.938|0.313,0.938|0.313,0.938|0.313,0.938|0.313,0.938|0.313,0.938|0.313,0.938|0.313,0.938|
0.313,0.938|0.313,0.938|0.313,0.938|0.313,0.938|0.313,0.938|0.313,0.938|0.313,0.938|0.313,0.938|0.313,0.938|0.313,0.938|0.313,0.938|0.313,0.938|0.313,0.938|0.313,0.938|0.313,0.938|0.313,0.938|0.313,0.938|0.313,0.938|0.313,0.938|0.313,0.938|0.313,0.938|0.313,0.938|0.313,0.938|0.313,0.938|0.313,0.938|0.313,0.938|0.313,0.938|0.313,0.938|0.313,0.938|0.313,0.938|0.313,0.938|0.313,0.938|
0.313,0.938|0.313,0.938|0.313,0.938|0.313,0.938|0.313,0.938|0.313,0.938|0.313,0.938|0.313,0.938|0.313,0.938|0.313,0.938|0.313,0.938|0.313,0.938|0.313,0.938|0.313,0.938|0.313,0.938|0.313,0.938|0.313,0.938|0.313,0.938|0.313,0.938|0.313,0.938|0.313,0.938|0.313,0.938|0.313,0.938|0.313,0.938|0.313,0.938|0.313,0.938|0.313,0.938|0.313,0.938|0.313,0.938|0.313,0.938|0.313,0.938|0.313,0.938|
0.313,0.938|0.313,0.938|0.313,0.938|0.313,0.938|0.313,0.938|0.313,0.938|0.313,0.938|0.313,0.938|0.313,0.938|0.313,0.938|0.313,0.938|0.313,0.938|0.313,0.938|0.313,0.938|0.313,0.938|0.313,0.938|0.313,0.938|0.313,0.938|0.313,0.938|0.313,0.938|0.313,0.938|0.313,0.938|0.313,0.938|0.313,0.938|0.313,0.938|0.313,0.938|0.313,0.938|0.313,0.938|0.313,0.938|0.313,0.938|0.313,0.938|0.313,0.938|
