0.188,0.500|0.188,0.375|0.250,0.438|0.125,0.375|0.250,0.375|0.188,0.438|0.188,0.438|0.125,0.500|0.188,0.500|0.125,0.375|0.188,0.375|0.188,0.438|0.125,0.438|0.125,0.438|0.125,0.500|0.188,0.438|0.125,0.438|0.125,0.500|0.250,0.500|0.250,0.500|0.250,0.438|0.125,0.438|0.188,0.438|0.250,0.500|0.125,0.375|0.125,0.375|0.250,0.375|0.125,0.375|0.250,0.500|0.250,0.375|0.188,0.375|0.125,0.375|
0.188,0.438|0.250,0.500|0.188,0.375|0.125,0.500|0.188,0.375|0.250,0.438|0.188,0.438|0.188,0.500|0.250,0.438|0.250,0.375|0.125,0.438|0.125,0.438|0.188,0.438|0.125,0.438|0.188,0.375|0.188,0.500|0.125,0.375|0.250,0.438|0.188,0.438|0.125,0.375|0.125,0.375|0.125,0.438|0.250,0.375|0.188,0.375|0.125,0.438|0.250,0.500|0.250,0.438|0.188,0.438|0.188,0.500|0.250,0.500|0.188,0.500|0.188,0.438|
0.188,0.375|0.250,0.375|0.250,0.375|0.250,0.500|0.125,0.375|0.188,0.375|0.125,0.375|0.188,0.500|0.250,0.375|0.125,0.375|0.125,0.500|0.188,0.500|0.188,0.375|0.125,0.500|0.250,0.375|0.125,0.438|0.250,0.375|0.125,0.500|0.250,0.375|0.125,0.438|0.188,0.375|0.188,0.438|0.188,0.500|0.125,0.375|0.188,0.500|0.125,0.375|0.250,0.375|0.188,0.375|0.125,0.438|0.250,0.500|0.250,0.438|0.125,0.438|
0.250,0.438|0.188,0.438|0.250,0.375|0.250,0.500|0.250,0.375|0.188,0.438|0.188,0.500|0.188,0.375|0.188,0.500|0.188,0.500|0.250,0.500|0.188,0.500|0.250,0.500|0.125,0.438|0.125,0.375|0.188,0.500|0.250,0.438|0.188,0.438|0.188,0.438|0.125,0.500|0.250,0.438|0.188,0.438|0.250,0.500|0.250,0.438|0.188,0.375|0.250,0.438|0.188,0.375|0.250,0.375|0.125,0.500|0.250,0.500|0.250,0.500|0.188,0.375|
0.125,0.438|0.125,0.375|0.188,0.438|0.125,0.375|0.250,0.500|0.188,0.500|0.250,0.438|0.188,0.375|0.125,0.375|0.125,0.375|0.188,0.438|0.188,0.500|0.125,0.500|0.250,0.438|0.188,0.375|0.250,0.375|0.250,0.375|0.250,0.500|0.188,0.375|0.250,0.375|0.188,0.375|0.125,0.438|0.188,0.438|0.188,0.375|0.188,0.438|0.125,0.500|0.125,0.438|0.250,0.500|0.250,0.438|0.188,0.375|0.125,0.500|0.125,0.438|
0.188,0.500|0.125,0.500|0.125,0.438|0.188,0.375|0.125,0.500|0.250,0.500|0.188,0.438|0.188,0.438|0.188,0.500|0.188,0.438|0.188,0.500|0.188,0.375|0.125,0.438|0.250,0.438|0.250,0.438|0.188,0.438|0.188,0.438|0.250,0.375|0.125,0.438|0.125,0.375|0.125,0.500|0.125,0.438|0.125,0.500|0.250,0.438|0.125,0.438|0.188,0.375|0.250,0.438|0.188,0.375|0.188,0.438|0.250,0.438|0.188,0.500|0.125,0.375|
0.125,0.438|0.125,0.438|0.188,0.500|0.250,0.375|0.188,0.438|0.125,0.500|0.125,0.375|0.250,0.375|0.188,0.375|0.188,0.438|0.250,0.438|0.188,0.500|0.188,0.500|0.188,0.375|0.250,0.375|0.250,0.375|0.125,0.438|0.188,0.438|0.250,0.500|0.125,0.375|0.188,0.438|0.188,0.500|0.250,0.375|0.125,0.500|0.188,0.438|0.188,0.438|0.188,0.500|0.250,0.438|0.125,0.438|0.250,0.500|0.250,0.375|0.125,0.438|
0.188,0.375|0.125,0.500|0.250,0.375|0.188,0.438|0.250,0.500|0.188,0.438|0.188,0.500|0.125,0.438|0.188,0.375|0.250,0.500|0.188,0.375|0.125,0.438|0.125,0.500|0.250,0.500|0.250,0.438|0.188,0.438|0.250,0.500|0.188,0.375|0.250,0.500|0.125,0.375|0.188,0.500|0.125,0.500|0.250,0.375|0.250,0.500|0.250,0.375|0.250,0.375|0.250,0.500|0.250,0.375|0.125,0.500|0.125,0.375|0.125,0.500|0.125,0.500|
0.125,0.438|0.188,0.500|0.188,0.438|0.188,0.500|0.188,0.438|0.125,0.500|0.125,0.500|0.125,0.375|0.125,0.500|0.250,0.438|0.125,0.375|0.125,0.500|0.125,0.438|0.188,0.500|0.188,0.500|0.125,0.500|0.125,0.438|0.188,0.375|0.125,0.438|0.125,0.500|0.188,0.500|0.188,0.375|0.188,0.500|0.188,0.500|0.188,0.500|0.125,0.500|0.188,0.500|0.188,0.375|0.125,0.375|0.188,0.438|0.250,0.438|0.125,0.375|
0.188,0.500|0.125,0.375|0.250,0.438|0.125,0.500|0.250,0.375|0.125,0.375|0.188,0.438|0.188,0.500|0.188,0.375|0.250,0.375|0.188,0.438|0.250,0.500|0.188,0.500|0.188,0.375|0.188,0.500|0.250,0.500|0.125,0.500|0.125,0.500|0.250,0.438|0.250,0.375|0.250,0.375|0.188,0.438|0.125,0.375|0.125,0.375|0.250,0.438|0.125,0.500|0.125,0.500|0.250,0.375|0.125,0.438|0.188,0.500|0.125,0.375|0.125,0.438|
0.188,0.375|0.188,0.500|0.250,0.500|0.250,0.500|0.188,0.438|0.125,0.375|0.125,0.375|0.250,0.500|0.125,0.438|0.188,0.438|0.250,0.375|0.125,0.438|0.250,0.500|0.125,0.500|0.125,0.375|0.250,0.438|0.125,0.500|0.188,0.500|0.125,0.375|0.250,0.375|0.250,0.438|0.188,0.438|0.188,0.375|0.250,0.438|0.125,0.375|0.188,0.375|0.188,0.375|0.250,0.375|0.250,0.375|0.125,0.500|0.188,0.438|0.125,0.375|
0.188,0.438|0.125,0.500|0.250,0.500|0.125,0.438|0.125,0.375|0.125,0.500|0.188,0.438|0.188,0.375|0.125,0.500|0.250,0.438|0.125,0.500|0.250,0.438|0.125,0.375|0.188,0.438|0.188,0.438|0.250,0.438|0.250,0.438|0.188,0.375|0.125,0.375|0.125,0.375|0.125,0.438|0.250,0.438|0.188,0.375|0.125,0.438|0.125,0.375|0.125,0.500|0.250,0.438|0.250,0.438|0.250,0.438|0.250,0.500|0.188,0.500|0.188,0.375|
0.250,0.438|0.250,0.438|0.188,0.438|0.125,0.500|0.188,0.500|0.188,0.438|0.188,0.438|0.250,0.375|0.250,0.500|0.250,0.500|0.125,0.500|0.125,0.375|0.125,0.438|0.250,0.375|0.125,0.375|0.125,0.375|0.250,0.375|0.125,0.438|0.125,0.500|0.188,0.375|0.188,0.438|0.125,0.375|0.125,0.375|0.125,0.375|0.250,0.438|0.250,0.500|0.125,0.500|0.188,0.375|0.250,0.500|0.125,0.375|0.250,0.438|0.188,0.375|
0.250,0.375|0.125,0.500|0.250,0.375|0.125,0.500|0.125,0.500|0.125,0.500|0.250,0.438|0.250,0.438|0.188,0.500|0.188,0.500|0.250,0.500|0.188,0.500|0.188,0.438|0.250,0.375|0.188,0.438|0.188,0.375|0.188,0.438|0.250,0.438|0.250,0.375|0.125,0.438|0.188,0.375|0.250,0.500|0.250,0.500|0.188,0.438|0.125,0.375|0.250,0.438|0.188,0.438|0.188,0.375|0.125,0.438|0.125,0.500|0.125,0.375|0.125,0.500|
0.188,0.438|0.250,0.500|0.125,0.500|0.250,0.375|0.188,0.500|0.250,0.375|0.250,0.438|0.188,0.500|0.188,0.375|0.125,0.438|0.250,0.375|0.125,0.375|0.125,0.500|0.250,0.375|0.125,0.375|0.125,0.375|0.250,0.500|0.188,0.438|0.125,0.500|0.188,0.500|0.125,0.438|0.125,0.375|0.188,0.500|0.125,0.375|0.188,0.438|0.188,0.438|0.125,0.375|0.250,0.438|0.188,0.375|0.188,0.438|0.125,0.500|0.125,0.438|
0.250,0.500|0.188,0.375|0.250,0.438|0.250,0.438|0.188,0.438|0.188,0.438|0.250,0.500|0.250,0.375|0.188,0.438|0.125,0.500|0.250,0.500|0.250,0.438|0.188,0.500|0.250,0.375|0.250,0.375|0.188,0.438|0.250,0.375|0.188,0.500|0.250,0.438|0.250,0.375|0.188,0.500|0.125,0.438|0.188,0.375|0.125,0.375|0.125,0.375|0.188,0.375|0.125,0.438|0.188,0.500|0.188,0.375|0.188,0.438|0.125,0.438|0.250,0.500|
0.188,0.438|0.188,0.438|0.250,0.438|0.125,0.375|0.250,0.438|0.188,0.375|0.188,0.500|0.188,0.375|0.188,0.500|0.250,0.375|0.250,0.500|0.250,0.438|0.188,0.438|0.125,0.438|0.125,0.500|0.188,0.438|0.125,0.500|0.125,0.500|0.250,0.375|0.188,0.438|0.125,0.375|0.188,0.438|0.250,0.438|0.125,0.438|0.125,0.500|0.125,0.438|0.188,0.438|0.250,0.375|0.125,0.375|0.250,0.438|0.250,0.375|0.250,0.438|
0.188,0.438|0.125,0.500|0.188,0.438|0.250,0.500|0.250,0.375|0.250,0.438|0.125,0.375|0.125,0.500|0.188,0.438|0.125,0.500|0.188,0.438|0.250,0.438|0.250,0.438|0.188,0.375|0.188,0.500|0.250,0.500|0.125,0.438|0.125,0.500|0.125,0.500|0.188,0.438|0.125,0.438|0.188,0.438|0.125,0.438|0.250,0.438|0.125,0.500|0.250,0.438|0.250,0.500|0.250,0.438|0.188,0.438|0.125,0.500|0.188,0.500|0.188,0.375|
0.125,0.500|0.250,0.375|0.188,0.438|0.125,0.375|0.188,0.375|0.125,0.500|0.250,0.500|0.125,0.438|0.188,0.375|0.188,0.375|0.125,0.438|0.250,0.375|0.188,0.375|0.250,0.438|0.250,0.500|0.250,0.500|0.188,0.500|0.250,0.500|0.188,0.375|0.188,0.500|0.188,0.500|0.125,0.500|0.250,0.438|0.188,0.438|0.250,0.500|0.125,0.375|0.188,0.500|0.125,0.438|0.188,0.438|0.188,0.375|0.188,0.500|0.250,0.375|
0.250,0.500|0.188,0.438|0.125,0.438|0.188,0.500|0.250,0.375|0.125,0.375|0.125,0.438|0.125,0.500|0.250,0.375|0.188,0.438|0.125,0.438|0.125,0.375|0.125,0.375|0.250,0.500|0.188,0.438|0.250,0.438|0.125,0.438|0.250,0.500|0.250,0.500|0.125,0.438|0.188,0.500|0.188,0.438|0.250,0.375|0.125,0.375|0.250,0.500|0.188,0.375|0.125,0.438|0.250,0.375|0.125,0.438|0.188,0.500|0.125,0.375|0.250,0.438|
0.188,0.500|0.250,0.500|0.250,0.375|0.250,0.375|0.188,0.375|0.188,0.438|0.250,0.375|0.188,0.500|0.125,0.375|0.125,0.500|0.125,0.375|0.188,0.375|0.125,0.375|0.188,0.500|0.250,0.500|0.250,0.500|0.188,0.500|0.125,0.375|0.125,0.500|0.250,0.500|0.250,0.375|0.125,0.438|0.250,0.438|0.188,0.438|0.125,0.500|0.250,0.438|0.188,0.500|0.125,0.375|0.250,0.500|0.188,0.500|0.188,0.438|0.188,0.500|
0.188,0.375|0.188,0.500|0.250,0.500|0.188,0.500|0.125,0.375|0.188,0.500|0.250,0.500|0.188,0.500|0.125,0.438|0.125,0.500|0.125,0.500|0.125,0.375|0.250,0.500|0.125,0.375|0.125,0.500|0.250,0.500|0.250,0.438|0.250,0.438|0.188,0.500|0.188,0.500|0.125,0.375|0.188,0.438|0.188,0.438|0.250,0.375|0.188,0.500|0.188,0.500|0.250,0.438|0.250,0.500|0.250,0.500|0.125,0.375|0.188,0.500|0.188,0.438|
0.250,0.438|0.125,0.500|0.250,0.438|0.188,0.500|0.250,0.438|0.188,0.500|0.125,0.500|0.250,0.375|0.188,0.500|0.188,0.375|0.125,0.438|0.188,0.500|0.188,0.438|0.250,0.438|0.188,0.500|0.125,0.500|0.250,0.375|0.125,0.438|0.250,0.375|0.188,0.438|0.125,0.438|0.188,0.500|0.250,0.375|0.125,0.375|0.188,0.375|0.188,0.438|0.250,0.438|0.188,0.375|0.250,0.438|0.125,0.500|0.125,0.375|0.188,0.438|
0.250,0.500|0.250,0.438|0.188,0.500|0.188,0.375|0.125,0.500|0.125,0.375|0.188,0.500|0.125,0.375|0.250,0.438|0.188,0.500|0.250,0.375|0.188,0.438|0.250,0.438|0.125,0.375|0.125,0.375|0.250,0.500|0.250,0.500|0.188,0.500|0.188,0.500|0.250,0.438|0.125,0.438|0.125,0.438|0.250,0.375|0.125,0.375|0.188,0.500|0.250,0.375|0.125,0.438|0.125,0.500|0.250,0.500|0.188,0.375|0.188,0.500|0.125,0.375|
0.250,0.438|0.188,0.375|0.125,0.375|0.125,0.375|0.125,0.375|0.188,0.438|0.125,0.500|0.125,0.500|0.125,0.375|0.125,0.500|0.188,0.500|0.188,0.375|0.250,0.375|0.125,0.375|0.250,0.375|0.250,0.438|0.250,0.438|0.188,0.438|0.250,0.438|0.188,0.500|0.250,0.500|0.250,0.438|0.188,0.375|0.125,0.438|0.188,0.438|0.125,0.438|0.125,0.438|0.125,0.438|0.188,0.500|0.125,0.438|0.188,0.500|0.125,0.438|
0.125,0.500|0.250,0.438|0.188,0.375|0.250,0.438|0.188,0.438|0.188,0.438|0.250,0.375|0.125,0.375|0.125,0.438|0.188,0.500|0.250,0.375|0.125,0.375|0.188,0.500|0.125,0.438|0.188,0.500|0.250,0.375|0.188,0.500|0.125,0.500|0.125,0.500|0.250,0.500|0.188,0.500|0.125,0.500|0.125,0.375|0.188,0.438|0.125,0.375|0.125,0.375|0.188,0.438|0.188,0.438|0.125,0.500|0.125,0.500|0.188,0.375|0.125,0.375|
0.188,0.375|0.188,0.500|0.250,0.500|0.125,0.375|0.250,0.375|0.125,0.438|0.125,0.375|0.125,0.438|0.188,0.438|0.250,0.500|0.250,0.500|0.125,0.438|0.188,0.500|0.125,0.438|0.250,0.375|0.188,0.375|0.250,0.500|0.188,0.438|0.188,0.500|0.250,0.375|0.250,0.500|0.188,0.438|0.125,0.438|0.250,0.375|0.125,0.500|0.250,0.375|0.125,0.375|0.188,0.500|0.188,0.500|0.250,0.438|0.125,0.438|0.188,0.375|
0.125,0.375|0.125,0.500|0.125,0.375|0.188,0.375|0.125,0.438|0.188,0.438|0.125,0.500|0.125,0.375|0.250,0.375|0.188,0.500|0.125,0.375|0.188,0.500|0.125,0.500|0.188,0.438|0.188,0.375|0.125,0.375|0.188,0.375|0.250,0.438|0.188,0.500|0.188,0.438|0.250,0.438|0.250,0.375|0.188,0.438|0.125,0.438|0.125,0.438|0.188,0.438|0.250,0.500|0.188,0.500|0.188,0.438|0.188,0.500|0.125,0.375|0.125,0.500|
0.188,0.375|0.125,0.375|0.188,0.375|0.125,0.438|0.188,0.438|0.125,0.438|0.188,0.500|0.188,0.375|0.250,0.438|0.250,0.438|0.250,0.375|0.250,0.500|0.125,0.500|0.188,0.438|0.125,0.375|0.250,0.375|0.188,0.500|0.250,0.500|0.188,0.438|0.188,0.375|0.125,0.438|0.188,0.375|0.188,0.500|0.188,0.438|0.250,0.375|0.250,0.500|0.125,0.375|0.188,0.500|0.125,0.375|0.250,0.375|0.125,0.375|0.188,0.500|
0.188,0.500|0.250,0.500|0.125,0.500|0.125,0.500|0.125,0.375|0.125,0.375|0.250,0.438|0.250,0.500|0.125,0.375|0.125,0.500|0.125,0.438|0.188,0.438|0.250,0.438|0.125,0.375|0.125,0.375|0.188,0.438|0.188,0.438|0.250,0.500|0.188,0.375|0.250,0.438|0.188,0.438|0.188,0.375|0.250,0.375|0.188,0.375|0.125,0.438|0.188,0.500|0.125,0.500|0.250,0.500|0.188,0.375|0.125,0.438|0.125,0.500|0.125,0.375|
0.125,0.438|0.250,0.375|0.188,0.438|0.250,0.500|0.125,0.438|0.125,0.500|0.250,0.375|0.250,0.500|0.125,0.500|0.188,0.500|0.250,0.438|0.125,0.500|0.188,0.500|0.125,0.500|0.125,0.500|0.188,0.500|0.250,0.438|0.250,0.375|0.188,0.375|0.250,0.500|0.188,0.375|0.125,0.438|0.125,0.500|0.188,0.500|0.250,0.375|0.188,0.375|0.250,0.500|0.188,0.438|0.125,0.375|0.188,0.500|0.188,0.375|0.125,0.375|
0.188,0.375|0.125,0.438|0.188,0.375|0.188,0.438|0.188,0.438|0.188,0.438|0.125,0.438|0.188,0.438|0.125,0.500|0.188,0.375|0.188,0.375|0.250,0.438|0.250,0.375|0.188,0.375|0.250,0.375|0.188,0.438|0.125,0.500|0.125,0.500|0.250,0.500|0.125,0.375|0.250,0.375|0.250,0.500|0.188,0.438|0.250,0.438|0.188,0.438|0.188,0.375|0.188,0.438|0.188,0.375|0.125,0.375|0.188,0.500|0.125,0.375|0.188,0.500|
0.250,0.438|0.188,0.438|0.125,0.438|0.188,0.438|0.250,0.500|0.188,0.375|0.250,0.438|0.125,0.438|0.188,0.500|0.188,0.438|0.188,0.500|0.250,0.375|0.250,0.500|0.125,0.375|0.250,0.375|0.188,0.438|0.250,0.375|0.188,0.500|0.188,0.438|0.188,0.375|0.125,0.500|0.188,0.500|0.188,0.438|0.250,0.375|0.188,0.438|0.188,0.438|0.250,0.500|0.250,0.438|0.250,0.375|0.125,0.438|0.188,0.438|0.250,0.438|
0.125,0.500|0.250,0.500|0.125,0.500|0.250,0.375|0.188,0.500|0.125,0.438|0.188,0.375|0.250,0.375|0.125,0.500|0.125,0.500|0.188,0.500|0.125,0.438|0.125,0.375|0.188,0.500|0.250,0.375|0.125,0.500|0.188,0.500|0.188,0.375|0.250,0.500|0.125,0.438|0.125,0.438|0.250,0.375|0.188,0.375|0.250,0.375|0.125,0.438|0.250,0.500|0.125,0.375|0.250,0.375|0.250,0.438|0.250,0.500|0.250,0.500|0.125,0.438|
