0.313,0.938|0.313,0.938|0.313,0.938|0.313,0.938|0.313,0.938|0.313,0.938|0.313,0.938|0.313,0.938|0.313,0.938|0.313,0.938|0.313,0.938|0.313,0.938|0.313,0.938|0.313,0.938|0.313,0.938|0.313,0.938|0.313,0.938|0.313,0.938|0.313,0.938|0.313,0.938|0.313,0.938|0.313,0.938|0.313,0.938|0.313,0.938|0.313,0.938|0.313,0.938|0.313,0.938|0.313,0.938|0.313,0.938|0.313,0.938|0.313,0.938|0.313,0.938|
0.313,0.938|0.313,0.938|0.313,0.938|0.313,0.938|0.313,0.938|0.313,0.938|0.313,0.938|0.313,0.938|0.313,0.938|0.313,0.938|0.313,0.938|0.313,0.938|0.313,0.938|0.313,0.938|0.313,0.938|0.313,0.938|0.313,0.938|0.313,0.938|0.313,0.938|0.313,0.938|0.313,0.938|0.313,0.938|0.313,0.938|0.313,0.938|0.313,0.938|0.313,0.938|0.313,0.938|0.313,0.938|0.313,0.938|0.313,0.938|0.313,0.938|0.313,0.938|
0.313,0.938|0.313,0.938|0.313,0.938|0.313,0.938|0.313,0.938|0.313,0.938|0.313,0.938|0.313,0.938|0.313,0.938|0.313,0.938|0.313,0.938|0.313,0.938|0.313,0.938|0.313,0.938|0.313,0.938|0.313,0.938|0.313,0.938|0.313,0.938|0.313,0.938|0.313,0.938|0.313,0.938|0.313,0.938|0.313,0.938|0.313,0.938|0.313,0.938|0.313,0.938|0.313,0.938|0.313,0.938|0.313,0.938|0.313,0.938|0.313,0.938|0.313,0.938|
0.313,0.938|0.313,0.938|0.313,0.938|0.313,0.938|0.313,0.938|0.313,0.938|0.313,0.938|0.313,0.938|0.313,0.938|0.313,0.938|0.313,0.938|0.313,0.938|0.313,0.938|0.313,0.938|0.313,0.938|0.313,0.938|0.313,0.938|0.313,0.938|0.313,0.938|0.313,0.938|0.313,0.938|0.313,0.938|0.313,0.938|0.313,0.938|0.313,0.938|0.313,0.938|0.313,0.938|0.313,0.938|0.313,0.938|0.313,0.938|0.313,0.938|0.313,0.938|
0.313,0.938|0.313,0.938|0.313,0.938|0.313,0.938|0.313,0.938|0.313,0.938|0.313,0.938|0.313,0.938|0.313,0.938|0.313,0.938|0.313,0.938|0.313,0.938|0.313,0.938|0.313,0.938|0.313,0.938|0.313,0.938|0.313,0.938|0.313,0.938|0.313,0.938|0.313,0.938|0.313,0.938|0.313,0.938|0.313,0.938|0.313,0.938|0.313,0.938|0.313,0.938|0.313,0.938|0.313,0.938|0.313,0.938|0.313,0.938|0.313,0.938|0.313,0.938|
0.313,0.938|0.313,0.938|0.313,0.938|0.313,0.938|0.313,0.938|0.313,0.938|0.313,0.938|0.313,0.938|0.313,0.938|0.313,0.938|0.313,0.938|0.313,0.938|0.313,0.938|0.313,0.938|0.313,0.938|0.313,0.938|0.313,0.938|0.313,0.938|0.313,0.938|0.313,0.938|0.313,0.938|0.313,0.938|0.313,0.938|0.313,0.938|0.313,0.938|0.313,0.938|0.313,0.938|0.313,0.938|0.313,0.938|0.313,0.938|0.313,0.938|0.313,0.938|
0.313,0.938|0.313,0.938|0.313,0.938|0.313,0.938|0.313,0.938|0.313,0.938|0.313,0.938|0.313,0.938|0.313,0.938|0.313,0.938|0.313,0.938|0.313,0.938|0.313,0.938|0.313,0.938|0.313,0.938|0.313,0.938|0.313,0.938|0.313,0.938|0.313,0.938|0.313,0.938|0.313,0.938|0.313,0.938|0.313,0.938|0.000,0.875|0.000,0.875|0.313,0.938|0.313,0.938|0.313,0.938|0.000,0.875|0.313,0.938|0.313,0.938|0.313,0.938|
0.313,0.938|0.313,0.938|0.313,0.938|0.313,0.938|0.313,0.938|0.313,0.938|0.313,0.938|0.313,0.938|0.313,0.938|0.313,0.938|0.313,0.938|0.313,0.938|0.313,0.938|0.313,0.938|0.313,0.938|0.313,0.938|0.313,0.938|0.313,0.938|0.313,0.938|0.313,0.938|0.313,0.938|0.313,0.938|0.313,0.938|0.000,0.875|0.313,0.938|0.000,0.875|0.000,0.875|0.313,0.938|0.000,0.875|0.313,0.938|0.313,0.938|0.313,0.938|
0.313,0.938|0.313,0.938|0.313,0.938|0.313,0.938|0.313,0.938|0.313,0.938|0.313,0.938|0.313,0.938|0.313,0.938|0.313,0.938|0.313,0.938|0.313,0.938|0.313,0.938|0.313,0.938|0.313,0.938|0.313,0.938|0.313,0.938|0.000,0.875|0.000,0.875|0.313,0.938|0.313,0.938|0.313,0.938|0.313,0.938|0.000,0.875|0.313,0.938|0.313,0.938|0.313,0.938|0.000,0.875|0.313,0.938|0.313,0.938|0.313,0.938|0.313,0.938|
0.313,0.938|0.313,0.938|0.313,0.938|0.313,0.938|0.313,0.938|0.313,0.938|0.313,0.938|0.313,0.938|0.313,0.938|0.313,0.938|0.313,0.938|0.313,0.938|0.313,0.938|0.313,0.938|0.313,0.938|0.313,0.938|0.313,0.938|0.000,0.875|0.000,0.875|0.000,0.875|0.313,0.938|0.313,0.938|0.313,0.938|0.000,0.875|0.313,0.938|0.313,0.938|0.313,0.938|0.313,0.938|0.313,0.938|0.313,0.938|0.313,0.938|0.313,0.938|
0.313,0.938|0.313,0.938|0.313,0.938|0.313,0.938|0.000,0.875|0.000,0.875|0.313,0.938|0.313,0.938|0.313,0.938|0.313,0.938|0.313,0.938|0.313,0.938|0.313,0.938|0.313,0.938|0.313,0.938|0.313,0.938|0.313,0.938|0.313,0.938|0.313,0.938|0.313,0.938|0.313,0.938|0.000,0.875|0.000,0.875|0.000,0.875|0.313,0.938|0.313,0.938|0.313,0.938|0.313,0.938|0.313,0.938|0.313,0.938|0.313,0.938|0.313,0.938|
0.313,0.938|0.313,0.938|0.313,0.938|0.313,0.938|0.313,0.938|0.000,0.875|0.313,0.938|0.313,0.938|0.313,0.938|0.313,0.938|0.313,0.938|0.313,0.938|0.313,0.938|0.313,0.938|0.313,0.938|0.313,0.938|0.313,0.938|0.313,0.938|0.000,0.875|0.313,0.938|0.313,0.938|0.313,0.938|0.313,0.938|0.313,0.938|0.313,0.938|0.313,0.938|0.313,0.938|0.313,0.938|0.313,0.938|0.313,0.938|0.313,0.938|0.313,0.938|
0.313,0.938|0.313,0.938|0.313,0.938|0.313,0.938|0.313,0.938|0.313,0.938|0.000,0.875|0.313,0.938|0.313,0.938|0.313,0.938|0.000,0.875|0.000,0.875|0.313,0.938|0.313,0.938|0.313,0.938|0.313,0.938|0.313,0.938|0.000,0.875|0.313,0.938|0.313,0.938|0.313,0.938|0.313,0.938|0.313,0.938|0.313,0.938|0.313,0.938|0.313,0.938|0.313,0.938|0.313,0.938|0.313,0.938|0.000,0.875|0.313,0.938|0.313,0.938|
0.313,0.938|0.313,0.938|0.313,0.938|0.313,0.938|0.313,0.938|0.313,0.938|0.313,0.938|0.000,0.875|0.313,0.938|0.313,0.938|0.313,0.938|0.313,0.938|0.000,0.875|0.313,0.938|0.313,0.938|0.313,0.938|0.313,0.938|0.000,0.875|0.313,0.938|0.313,0.938|0.313,0.938|0.313,0.938|0.313,0.938|0.313,0.938|0.313,0.938|0.313,0.938|0.313,0.938|0.313,0.938|0.313,0.938|0.000,0.875|0.313,0.938|0.313,0.938|
0.313,0.938|0.313,0.938|0.313,0.938|0.313,0.938|0.313,0.938|0.313,0.938|0.313,0.938|0.313,0.938|0.313,0.938|0.313,0.938|0.000,0.875|0.313,0.938|0.313,0.938|0.000,0.875|0.313,0.938|0.000,0.875|0.000,0.875|0.313,0.938|0.313,0.938|0.313,0.938|0.313,0.938|0.313,0.938|0.313,0.938|0.313,0.938|0.313,0.938|0.313,0.938|0.313,0.938|0.000,0.875|0.313,0.938|0.000,0.875|0.313,0.938|0.313,0.938|
0.313,0.938|0.313,0.938|0.313,0.938|0.313,0.938|0.313,0.938|0.313,0.938|0.313,0.938|0.313,0.938|0.000,0.875|0.313,0.938|0.000,0.875|0.313,0.938|0.313,0.938|0.313,0.938|0.313,0.938|0.313,0.938|0.313,0.938|0.313,0.938|0.313,0.938|0.313,0.938|0.313,0.938|0.313,0.938|0.313,0.938|0.313,0.938|0.313,0.938|0.313,0.938|0.313,0.938|0.000,0.875|0.313,0.938|0.000,0.875|0.313,0.938|0.313,0.938|
0.313,0.938|0.313,0.938|0.313,0.938|0.313,0.938|0.313,0.938|0.313,0.938|0.313,0.938|0.313,0.938|0.313,0.938|0.000,0.875|0.313,0.938|0.313,0.938|0.313,0.938|0.313,0.938|0.313,0.938|0.313,0.938|0.313,0.938|0.313,0.938|0.313,0.938|0.313,0.938|0.313,0.938|0.313,0.938|0.313,0.938|0.313,0.938|0.313,0.938|0.313,0.938|0.313,0.938|0.000,0.875|0.313,0.938|0.000,0.875|0.313,0.938|0.313,0.938|
0.313,0.938|0.313,0.938|0.000,0.875|0.313,0.938|0.313,0.938|0.313,0.938|0.313,0.938|0.313,0.938|0.313,0.938|0.313,0.938|0.313,0.938|0.313,0.938|0.313,0.938|0.313,0.938|0.313,0.938|0.313,0.938|0.313,0.938|0.313,0.938|0.313,0.938|0.313,0.938|0.313,0.938|0.313,0.938|0.313,0.938|0.000,0.875|0.313,0.938|0.313,0.938|0.313,0.938|0.313,0.938|0.313,0.938|0.313,0.938|0.313,0.938|0.313,0.938|
0.313,0.938|0.313,0.938|0.313,0.938|0.313,0.938|0.313,0.938|0.313,0.938|0.313,0.938|0.313,0.938|0.313,0.938|0.313,0.938|0.313,0.938|0.313,0.938|0.313,0.938|0.313,0.938|0.313,0.938|0.313,0.938|0.313,0.938|0.313,0.938|0.313,0.938|0.313,0.938|0.313,0.938|0.313,0.938|0.313,0.938|0.000,0.875|0.000,0.875|0.313,0.938|0.313,0.938|0.313,0.938|0.000,0.875|0.313,0.938|0.313,0.938|0.313,0.938|
0.313,0.938|0.313,0.938|0.313,0.938|0.313,0.938|0.313,0.938|0.313,0.938|0.313,0.938|0.313,0.938|0.313,0.938|0.313,0.938|0.313,0.938|0.313,0.938|0.313,0.938|0.313,0.938|0.313,0.938|0.000,0.875|0.000,0.875|0.313,0.938|0.313,0.938|0.313,0.938|0.000,0.875|0.313,0.938|0.313,0.938|0.313,0.938|0.000,0.875|0.000,0.875|0.313,0.938|0.313,0.938|0.000,0.875|0.313,0.938|0.313,0.938|0.313,0.938|
0.313,0.938|0.313,0.938|0.313,0.938|0.313,0.938|0.313,0.938|0.313,0.938|0.313,0.938|0.313,0.938|0.313,0.938|0.313,0.938|0.313,0.938|0.313,0.938|0.313,0.938|0.313,0.938|0.313,0.938|0.313,0.938|0.313,0.938|0.000,0.875|0.313,0.938|0.313,0.938|0.000,0.875|0.000,0.875|0.313,0.938|0.313,0.938|0.313,0.938|0.313,0.938|0.000,0.875|0.000,0.875|0.000,0.875|0.313,0.938|0.313,0.938|0.313,0.938|
0.313,0.938|0.313,0.938|0.313,0.938|0.313,0.938|0.313,0.938|0.313,0.938|0.313,0.938|0.313,0.938|0.313,0.938|0.313,0.938|0.313,0.938|0.313,0.938|0.313,0.938|0.000,0.875|0.000,0.875|0.313,0.938|0.000,0.875|0.313,0.938|0.000,0.875|0.313,0.938|0.313,0.938|0.313,0.938|0.000,0.875|0.313,0.938|0.000,0.875|0.313,0.938|0.313,0.938|0.313,0.938|0.313,0.938|0.313,0.938|0.313,0.938|0.313,0.938|
0.313,0.938|0.313,0.938|0.313,0.938|0.313,0.938|0.313,0.938|0.313,0.938|0.313,0.938|0.313,0.938|0.313,0.938|0.000,0.875|0.313,0.938|0.313,0.938|0.313,0.938|0.313,0.938|0.000,0.875|0.313,0.938|0.313,0.938|0.000,0.875|0.313,0.938|0.000,0.875|0.313,0.938|0.313,0.938|0.313,0.938|0.000,0.875|0.313,0.938|0.313,0.938|0.313,0.938|0.313,0.938|0.313,0.938|0.313,0.938|0.313,0.938|0.313,0.938|
0.313,0.938|0.313,0.938|0.313,0.938|0.313,0.938|0.313,0.938|0.313,0.938|0.313,0.938|0.313,0.938|0.313,0.938|0.313,0.938|0.000,0.875|0.313,0.938|0.313,0.938|0.313,0.938|0.313,0.938|0.000,0.875|0.313,0.938|0.313,0.938|0.313,0.938|0.313,0.938|0.000,0.875|0.000,0.875|0.313,0.938|0.313,0.938|0.000,0.875|0.000,0.875|0.313,0.938|0.313,0.938|0.313,0.938|0.313,0.938|0.313,0.938|0.313,0.938|
0.313,0.938|0.313,0.938|0.313,0.938|0.313,0.938|0.313,0.938|0.313,0.938|0.313,0.938|0.313,0.938|0.313,0.938|0.313,0.938|0.000,0.875|0.000,0.875|0.313,0.938|0.313,0.938|0.313,0.938|0.000,0.875|0.000,0.875|0.000,0.875|0.313,0.938|0.313,0.938|0.313,0.938|0.313,0.938|0.313,0.938|0.313,0.938|0.313,0.938|0.313,0.938|0.313,0.938|0.313,0.938|0.313,0.938|0.313,0.938|0.313,0.938|0.313,0.938|
0.313,0.938|0.313,0.938|0.313,0.938|0.313,0.938|0.313,0.938|0.313,0.938|0.313,0.938|0.313,0.938|0.313,0.938|0.313,0.938|0.313,0.938|0.313,0.938|0.313,0.938|0.313,0.938|0.313,0.938|0.313,0.938|0.313,0.938|0.000,0.875|0.313,0.938|0.313,0.938|0.313,0.938|0.313,0.938|0.313,0.938|0.313,0.938|0.313,0.938|0.313,0.938|0.313,0.938|0.313,0.938|0.313,0.938|0.313,0.938|0.313,0.938|0.313,0.938|
0.313,0.938|0.000,0.875|0.313,0.938|0.313,0.938|0.313,0.938|0.313,0.938|0.313,0.938|0.313,0.938|0.313,0.938|0.313,0.938|0.313,0.938|0.313,0.938|0.313,0.938|0.000,0.875|0.000,0.875|0.313,0.938|0.000,0.875|0.313,0.938|0.313,0.938|0.313,0.938|0.313,0.938|0.313,0.938|0.313,0.938|0.313,0.938|0.313,0.938|0.313,0.938|0.313,0.938|0.313,0.938|0.313,0.938|0.313,0.938|0.313,0.938|0.313,0.938|
0.313,0.938|0.313,0.938|0.313,0.938|0.313,0.938|0.313,0.938|0.313,0.938|0.313,0.938|0.313,0.938|0.313,0.938|0.313,0.938|0.313,0.938|0.313,0.938|0.313,0.938|0.313,0.938|0.313,0.938|0.000,0.875|0.000,0.875|0.313,0.938|0.313,0.938|0.313,0.938|0.313,0.938|0.313,0.938|0.313,0.938|0.313,0.938|0.313,0.938|0.313,0.938|0.313,0.938|0.313,0.938|0.313,0.938|0.313,0.938|0.313,0.938|0.313,0.938|
0.313,0.938|0.313,0.938|0.313,0.938|0.313,0.938|0.313,0.938|0.313,0.938|0.313,0.938|0.313,0.938|0.313,0.938|0.313,0.938|0.313,0.938|0.313,0.938|0.313,0.938|0.313,0.938|0.313,0.938|0.313,0.938|0.313,0.938|0.313,0.938|0.313,0.938|0.313,0.938|0.313,0.938|0.313,0.938|0.313,0.938|0.313,0.938|0.313,0.938|0.313,0.938|0.313,0.938|0.313,0.938|0.313,0.938|0.313,0.938|0.313,0.938|0.313,0.938|
0.313,0.938|0.313,0.938|0.313,0.938|0.313,0.938|0.313,0.938|0.313,0.938|0.313,0.938|0.313,0.938|0.313,0.938|0.313,0.938|0.313,0.938|0.313,0.938|0.313,0.938|0.313,0.938|0.313,0.938|0.313,0.938|0.313,0.938|0.313,0.938|0.313,0.938|0.313,0.938|0.313,0.938|0.313,0.938|0.313,0.938|0.313,0.938|0.313,0.938|0.313,0.938|0.313,0.938|0.313,0.938|0.313,0.938|0.313,0.938|0.313,0.938|0.313,0.938|
0.313,0.938|0.313,0.938|0.313,0.938|0.313,0.938|0.313,0.938|0.313,0.938|0.313,0.938|0.313,0.938|0.313,0.938|0.313,0.938|0.313,0.938|0.313,0.938|0.313,0.938|0.313,0.938|0.313,0.938|0.313,0.938|0.313,0.938|0.313,0.938|0.313,0.938|0.313,0.938|0.313,0.938|0.313,0.938|0.313,0.938|0.313,0.938|0.313,0.938|0.313,0.938|0.313,0.938|0.313,0.938|0.313,0.938|0.313,0.938|0.313,0.938|0.313,0.938|
0.313,0.938|0.313,0.938|0.313,0.938|0.313,0.938|0.313,0.938|0.313,0.938|0.313,0.938|0.313,0.938|0.313,0.938|0.313,0.938|0.313,0.938|0.313,0.938|0.313,0.938|0.313,0.938|0.313,0.938|0.313,0.938|0.313,0.938|0.313,0.938|0.313,0.938|0.313,0.938|0.313,0.938|0.313,0.938|0.313,0.938|0.313,0.938|0.313,0.938|0.313,0.938|0.313,0.938|0.313,0.938|0.313,0.938|0.313,0.938|0.313,0.938|0.313,0.938|
0.313,0.938|0.313,0.938|0.313,0.938|0.313,0.938|0.313,0.938|0.313,0.938|0.313,0.938|0.313,0.938|0.313,0.938|0.313,0.938|0.313,0.938|0.313,0.938|0.313,0.938|0.313,0.938|0.313,0.938|0.313,0.938|0.313,0.938|0.313,0.938|0.313,0.938|0.313,0.938|0.313,0.938|0.313,0.938|0.313,0.938|0.313,0.938|0.313,0.938|0.313,0.938|0.313,0.938|0.313,0.938|0.313,0.938|0.313,0.938|0.313,0.938|0.313,0.938|
